L       xcos             ycos             zcos            weight
          1.8932132647801048e-01           1.8932132647801048e-01           9.6349098111046849e-01           1.4027705682504846e-01
          1.8932132647801048e-01           5.0888175558261894e-01           8.3975996223668481e-01           1.1392852509533344e-01
          1.8932132647801048e-01           6.9431888759438432e-01           6.9431888759438432e-01           7.0754584434114184e-02
          1.8932132647801048e-01           8.3975996223668481e-01           5.0888175558261894e-01           1.1392852509533344e-01
          1.8932132647801048e-01           9.6349098111046849e-01           1.8932132647801048e-01           1.4027705682504846e-01
          5.0888175558261894e-01           1.8932132647801048e-01           8.3975996223668481e-01           1.1392852509533344e-01
          5.0888175558261894e-01           5.0888175558261894e-01           6.9431888759438432e-01           8.4710084148468798e-02
          5.0888175558261894e-01           6.9431888759438432e-01           5.0888175558261894e-01           8.4710084148468798e-02
          5.0888175558261894e-01           8.3975996223668481e-01           1.8932132647801048e-01           1.1392852509533344e-01
          6.9431888759438432e-01           1.8932132647801048e-01           6.9431888759438432e-01           7.0754584434114184e-02
          6.9431888759438432e-01           5.0888175558261894e-01           5.0888175558261894e-01           8.4710084148468798e-02
          6.9431888759438432e-01           6.9431888759438432e-01           1.8932132647801048e-01           7.0754584434114184e-02
          8.3975996223668481e-01           1.8932132647801048e-01           5.0888175558261894e-01           1.1392852509533344e-01
          8.3975996223668481e-01           5.0888175558261894e-01           1.8932132647801048e-01           1.1392852509533344e-01
          9.6349098111046849e-01           1.8932132647801048e-01           1.8932132647801048e-01           1.4027705682504846e-01
         -1.8932132647801048e-01           1.8932132647801048e-01           9.6349098111046849e-01           1.4027705682504846e-01
         -1.8932132647801048e-01           5.0888175558261894e-01           8.3975996223668481e-01           1.1392852509533344e-01
         -1.8932132647801048e-01           6.9431888759438432e-01           6.9431888759438432e-01           7.0754584434114184e-02
         -1.8932132647801048e-01           8.3975996223668481e-01           5.0888175558261894e-01           1.1392852509533344e-01
         -1.8932132647801048e-01           9.6349098111046849e-01           1.8932132647801048e-01           1.4027705682504846e-01
         -5.0888175558261894e-01           1.8932132647801048e-01           8.3975996223668481e-01           1.1392852509533344e-01
         -5.0888175558261894e-01           5.0888175558261894e-01           6.9431888759438432e-01           8.4710084148468798e-02
         -5.0888175558261894e-01           6.9431888759438432e-01           5.0888175558261894e-01           8.4710084148468798e-02
         -5.0888175558261894e-01           8.3975996223668481e-01           1.8932132647801048e-01           1.1392852509533344e-01
         -6.9431888759438432e-01           1.8932132647801048e-01           6.9431888759438432e-01           7.0754584434114184e-02
         -6.9431888759438432e-01           5.0888175558261894e-01           5.0888175558261894e-01           8.4710084148468798e-02
         -6.9431888759438432e-01           6.9431888759438432e-01           1.8932132647801048e-01           7.0754584434114184e-02
         -8.3975996223668481e-01           1.8932132647801048e-01           5.0888175558261894e-01           1.1392852509533344e-01
         -8.3975996223668481e-01           5.0888175558261894e-01           1.8932132647801048e-01           1.1392852509533344e-01
         -9.6349098111046849e-01           1.8932132647801048e-01           1.8932132647801048e-01           1.4027705682504846e-01
          1.8932132647801048e-01          -1.8932132647801048e-01           9.6349098111046849e-01           1.4027705682504846e-01
          1.8932132647801048e-01          -5.0888175558261894e-01           8.3975996223668481e-01           1.1392852509533344e-01
          1.8932132647801048e-01          -6.9431888759438432e-01           6.9431888759438432e-01           7.0754584434114184e-02
          1.8932132647801048e-01          -8.3975996223668481e-01           5.0888175558261894e-01           1.1392852509533344e-01
          1.8932132647801048e-01          -9.6349098111046849e-01           1.8932132647801048e-01           1.4027705682504846e-01
          5.0888175558261894e-01          -1.8932132647801048e-01           8.3975996223668481e-01           1.1392852509533344e-01
          5.0888175558261894e-01          -5.0888175558261894e-01           6.9431888759438432e-01           8.4710084148468798e-02
          5.0888175558261894e-01          -6.9431888759438432e-01           5.0888175558261894e-01           8.4710084148468798e-02
          5.0888175558261894e-01          -8.3975996223668481e-01           1.8932132647801048e-01           1.1392852509533344e-01
          6.9431888759438432e-01          -1.8932132647801048e-01           6.9431888759438432e-01           7.0754584434114184e-02
          6.9431888759438432e-01          -5.0888175558261894e-01           5.0888175558261894e-01           8.4710084148468798e-02
          6.9431888759438432e-01          -6.9431888759438432e-01           1.8932132647801048e-01           7.0754584434114184e-02
          8.3975996223668481e-01          -1.8932132647801048e-01           5.0888175558261894e-01           1.1392852509533344e-01
          8.3975996223668481e-01          -5.0888175558261894e-01           1.8932132647801048e-01           1.1392852509533344e-01
          9.6349098111046849e-01          -1.8932132647801048e-01           1.8932132647801048e-01           1.4027705682504846e-01
         -1.8932132647801048e-01          -1.8932132647801048e-01           9.6349098111046849e-01           1.4027705682504846e-01
         -1.8932132647801048e-01          -5.0888175558261894e-01           8.3975996223668481e-01           1.1392852509533344e-01
         -1.8932132647801048e-01          -6.9431888759438432e-01           6.9431888759438432e-01           7.0754584434114184e-02
         -1.8932132647801048e-01          -8.3975996223668481e-01           5.0888175558261894e-01           1.1392852509533344e-01
         -1.8932132647801048e-01          -9.6349098111046849e-01           1.8932132647801048e-01           1.4027705682504846e-01
         -5.0888175558261894e-01          -1.8932132647801048e-01           8.3975996223668481e-01           1.1392852509533344e-01
         -5.0888175558261894e-01          -5.0888175558261894e-01           6.9431888759438432e-01           8.4710084148468798e-02
         -5.0888175558261894e-01          -6.9431888759438432e-01           5.0888175558261894e-01           8.4710084148468798e-02
         -5.0888175558261894e-01          -8.3975996223668481e-01           1.8932132647801048e-01           1.1392852509533344e-01
         -6.9431888759438432e-01          -1.8932132647801048e-01           6.9431888759438432e-01           7.0754584434114184e-02
         -6.9431888759438432e-01          -5.0888175558261894e-01           5.0888175558261894e-01           8.4710084148468798e-02
         -6.9431888759438432e-01          -6.9431888759438432e-01           1.8932132647801048e-01           7.0754584434114184e-02
         -8.3975996223668481e-01          -1.8932132647801048e-01           5.0888175558261894e-01           1.1392852509533344e-01
         -8.3975996223668481e-01          -5.0888175558261894e-01           1.8932132647801048e-01           1.1392852509533344e-01
         -9.6349098111046849e-01          -1.8932132647801048e-01           1.8932132647801048e-01           1.4027705682504846e-01
          1.8932132647801048e-01           1.8932132647801048e-01          -9.6349098111046849e-01           1.4027705682504846e-01
          1.8932132647801048e-01           5.0888175558261894e-01          -8.3975996223668481e-01           1.1392852509533344e-01
          1.8932132647801048e-01           6.9431888759438432e-01          -6.9431888759438432e-01           7.0754584434114184e-02
          1.8932132647801048e-01           8.3975996223668481e-01          -5.0888175558261894e-01           1.1392852509533344e-01
          1.8932132647801048e-01           9.6349098111046849e-01          -1.8932132647801048e-01           1.4027705682504846e-01
          5.0888175558261894e-01           1.8932132647801048e-01          -8.3975996223668481e-01           1.1392852509533344e-01
          5.0888175558261894e-01           5.0888175558261894e-01          -6.9431888759438432e-01           8.4710084148468798e-02
          5.0888175558261894e-01           6.9431888759438432e-01          -5.0888175558261894e-01           8.4710084148468798e-02
          5.0888175558261894e-01           8.3975996223668481e-01          -1.8932132647801048e-01           1.1392852509533344e-01
          6.9431888759438432e-01           1.8932132647801048e-01          -6.9431888759438432e-01           7.0754584434114184e-02
          6.9431888759438432e-01           5.0888175558261894e-01          -5.0888175558261894e-01           8.4710084148468798e-02
          6.9431888759438432e-01           6.9431888759438432e-01          -1.8932132647801048e-01           7.0754584434114184e-02
          8.3975996223668481e-01           1.8932132647801048e-01          -5.0888175558261894e-01           1.1392852509533344e-01
          8.3975996223668481e-01           5.0888175558261894e-01          -1.8932132647801048e-01           1.1392852509533344e-01
          9.6349098111046849e-01           1.8932132647801048e-01          -1.8932132647801048e-01           1.4027705682504846e-01
         -1.8932132647801048e-01           1.8932132647801048e-01          -9.6349098111046849e-01           1.4027705682504846e-01
         -1.8932132647801048e-01           5.0888175558261894e-01          -8.3975996223668481e-01           1.1392852509533344e-01
         -1.8932132647801048e-01           6.9431888759438432e-01          -6.9431888759438432e-01           7.0754584434114184e-02
         -1.8932132647801048e-01           8.3975996223668481e-01          -5.0888175558261894e-01           1.1392852509533344e-01
         -1.8932132647801048e-01           9.6349098111046849e-01          -1.8932132647801048e-01           1.4027705682504846e-01
         -5.0888175558261894e-01           1.8932132647801048e-01          -8.3975996223668481e-01           1.1392852509533344e-01
         -5.0888175558261894e-01           5.0888175558261894e-01          -6.9431888759438432e-01           8.4710084148468798e-02
         -5.0888175558261894e-01           6.9431888759438432e-01          -5.0888175558261894e-01           8.4710084148468798e-02
         -5.0888175558261894e-01           8.3975996223668481e-01          -1.8932132647801048e-01           1.1392852509533344e-01
         -6.9431888759438432e-01           1.8932132647801048e-01          -6.9431888759438432e-01           7.0754584434114184e-02
         -6.9431888759438432e-01           5.0888175558261894e-01          -5.0888175558261894e-01           8.4710084148468798e-02
         -6.9431888759438432e-01           6.9431888759438432e-01          -1.8932132647801048e-01           7.0754584434114184e-02
         -8.3975996223668481e-01           1.8932132647801048e-01          -5.0888175558261894e-01           1.1392852509533344e-01
         -8.3975996223668481e-01           5.0888175558261894e-01          -1.8932132647801048e-01           1.1392852509533344e-01
         -9.6349098111046849e-01           1.8932132647801048e-01          -1.8932132647801048e-01           1.4027705682504846e-01
          1.8932132647801048e-01          -1.8932132647801048e-01          -9.6349098111046849e-01           1.4027705682504846e-01
          1.8932132647801048e-01          -5.0888175558261894e-01          -8.3975996223668481e-01           1.1392852509533344e-01
          1.8932132647801048e-01          -6.9431888759438432e-01          -6.9431888759438432e-01           7.0754584434114184e-02
          1.8932132647801048e-01          -8.3975996223668481e-01          -5.0888175558261894e-01           1.1392852509533344e-01
          1.8932132647801048e-01          -9.6349098111046849e-01          -1.8932132647801048e-01           1.4027705682504846e-01
          5.0888175558261894e-01          -1.8932132647801048e-01          -8.3975996223668481e-01           1.1392852509533344e-01
          5.0888175558261894e-01          -5.0888175558261894e-01          -6.9431888759438432e-01           8.4710084148468798e-02
          5.0888175558261894e-01          -6.9431888759438432e-01          -5.0888175558261894e-01           8.4710084148468798e-02
          5.0888175558261894e-01          -8.3975996223668481e-01          -1.8932132647801048e-01           1.1392852509533344e-01
          6.9431888759438432e-01          -1.8932132647801048e-01          -6.9431888759438432e-01           7.0754584434114184e-02
          6.9431888759438432e-01          -5.0888175558261894e-01          -5.0888175558261894e-01           8.4710084148468798e-02
          6.9431888759438432e-01          -6.9431888759438432e-01          -1.8932132647801048e-01           7.0754584434114184e-02
          8.3975996223668481e-01          -1.8932132647801048e-01          -5.0888175558261894e-01           1.1392852509533344e-01
          8.3975996223668481e-01          -5.0888175558261894e-01          -1.8932132647801048e-01           1.1392852509533344e-01
          9.6349098111046849e-01          -1.8932132647801048e-01          -1.8932132647801048e-01           1.4027705682504846e-01
         -1.8932132647801048e-01          -1.8932132647801048e-01          -9.6349098111046849e-01           1.4027705682504846e-01
         -1.8932132647801048e-01          -5.0888175558261894e-01          -8.3975996223668481e-01           1.1392852509533344e-01
         -1.8932132647801048e-01          -6.9431888759438432e-01          -6.9431888759438432e-01           7.0754584434114184e-02
         -1.8932132647801048e-01          -8.3975996223668481e-01          -5.0888175558261894e-01           1.1392852509533344e-01
         -1.8932132647801048e-01          -9.6349098111046849e-01          -1.8932132647801048e-01           1.4027705682504846e-01
         -5.0888175558261894e-01          -1.8932132647801048e-01          -8.3975996223668481e-01           1.1392852509533344e-01
         -5.0888175558261894e-01          -5.0888175558261894e-01          -6.9431888759438432e-01           8.4710084148468798e-02
         -5.0888175558261894e-01          -6.9431888759438432e-01          -5.0888175558261894e-01           8.4710084148468798e-02
         -5.0888175558261894e-01          -8.3975996223668481e-01          -1.8932132647801048e-01           1.1392852509533344e-01
         -6.9431888759438432e-01          -1.8932132647801048e-01          -6.9431888759438432e-01           7.0754584434114184e-02
         -6.9431888759438432e-01          -5.0888175558261894e-01          -5.0888175558261894e-01           8.4710084148468798e-02
         -6.9431888759438432e-01          -6.9431888759438432e-01          -1.8932132647801048e-01           7.0754584434114184e-02
         -8.3975996223668481e-01          -1.8932132647801048e-01          -5.0888175558261894e-01           1.1392852509533344e-01
         -8.3975996223668481e-01          -5.0888175558261894e-01          -1.8932132647801048e-01           1.1392852509533344e-01
         -9.6349098111046849e-01          -1.8932132647801048e-01          -1.8932132647801048e-01           1.4027705682504846e-01
