L       xcos             ycos             zcos            weight
          3.5002117458154069e-01           3.5002117458154069e-01           8.6889030072220119e-01           5.2359877559829826e-01
          3.5002117458154069e-01           8.6889030072220119e-01           3.5002117458154069e-01           5.2359877559829826e-01
          8.6889030072220119e-01           3.5002117458154069e-01           3.5002117458154069e-01           5.2359877559829826e-01
         -3.5002117458154069e-01           3.5002117458154069e-01           8.6889030072220119e-01           5.2359877559829826e-01
         -3.5002117458154069e-01           8.6889030072220119e-01           3.5002117458154069e-01           5.2359877559829826e-01
         -8.6889030072220119e-01           3.5002117458154069e-01           3.5002117458154069e-01           5.2359877559829826e-01
          3.5002117458154069e-01          -3.5002117458154069e-01           8.6889030072220119e-01           5.2359877559829826e-01
          3.5002117458154069e-01          -8.6889030072220119e-01           3.5002117458154069e-01           5.2359877559829826e-01
          8.6889030072220119e-01          -3.5002117458154069e-01           3.5002117458154069e-01           5.2359877559829826e-01
         -3.5002117458154069e-01          -3.5002117458154069e-01           8.6889030072220119e-01           5.2359877559829826e-01
         -3.5002117458154069e-01          -8.6889030072220119e-01           3.5002117458154069e-01           5.2359877559829826e-01
         -8.6889030072220119e-01          -3.5002117458154069e-01           3.5002117458154069e-01           5.2359877559829826e-01
          3.5002117458154069e-01           3.5002117458154069e-01          -8.6889030072220119e-01           5.2359877559829826e-01
          3.5002117458154069e-01           8.6889030072220119e-01          -3.5002117458154069e-01           5.2359877559829826e-01
          8.6889030072220119e-01           3.5002117458154069e-01          -3.5002117458154069e-01           5.2359877559829826e-01
         -3.5002117458154069e-01           3.5002117458154069e-01          -8.6889030072220119e-01           5.2359877559829826e-01
         -3.5002117458154069e-01           8.6889030072220119e-01          -3.5002117458154069e-01           5.2359877559829826e-01
         -8.6889030072220119e-01           3.5002117458154069e-01          -3.5002117458154069e-01           5.2359877559829826e-01
          3.5002117458154069e-01          -3.5002117458154069e-01          -8.6889030072220119e-01           5.2359877559829826e-01
          3.5002117458154069e-01          -8.6889030072220119e-01          -3.5002117458154069e-01           5.2359877559829826e-01
          8.6889030072220119e-01          -3.5002117458154069e-01          -3.5002117458154069e-01           5.2359877559829826e-01
         -3.5002117458154069e-01          -3.5002117458154069e-01          -8.6889030072220119e-01           5.2359877559829826e-01
         -3.5002117458154069e-01          -8.6889030072220119e-01          -3.5002117458154069e-01           5.2359877559829826e-01
         -8.6889030072220119e-01          -3.5002117458154069e-01          -3.5002117458154069e-01           5.2359877559829826e-01
