L       xcos             ycos             zcos            weight
          2.6663540151670473e-01           2.6663540151670473e-01           9.2618093551748915e-01           2.7665827941279969e-01
          2.6663540151670473e-01           6.8150772653654690e-01           6.8150772653654690e-01           2.4694049618549865e-01
          2.6663540151670473e-01           9.2618093551748915e-01           2.6663540151670473e-01           2.7665827941279969e-01
          6.8150772653654690e-01           2.6663540151670473e-01           6.8150772653654690e-01           2.4694049618549865e-01
          6.8150772653654690e-01           6.8150772653654690e-01           2.6663540151670473e-01           2.4694049618549865e-01
          9.2618093551748915e-01           2.6663540151670473e-01           2.6663540151670473e-01           2.7665827941279969e-01
         -2.6663540151670473e-01           2.6663540151670473e-01           9.2618093551748915e-01           2.7665827941279969e-01
         -2.6663540151670473e-01           6.8150772653654690e-01           6.8150772653654690e-01           2.4694049618549865e-01
         -2.6663540151670473e-01           9.2618093551748915e-01           2.6663540151670473e-01           2.7665827941279969e-01
         -6.8150772653654690e-01           2.6663540151670473e-01           6.8150772653654690e-01           2.4694049618549865e-01
         -6.8150772653654690e-01           6.8150772653654690e-01           2.6663540151670473e-01           2.4694049618549865e-01
         -9.2618093551748915e-01           2.6663540151670473e-01           2.6663540151670473e-01           2.7665827941279969e-01
          2.6663540151670473e-01          -2.6663540151670473e-01           9.2618093551748915e-01           2.7665827941279969e-01
          2.6663540151670473e-01          -6.8150772653654690e-01           6.8150772653654690e-01           2.4694049618549865e-01
          2.6663540151670473e-01          -9.2618093551748915e-01           2.6663540151670473e-01           2.7665827941279969e-01
          6.8150772653654690e-01          -2.6663540151670473e-01           6.8150772653654690e-01           2.4694049618549865e-01
          6.8150772653654690e-01          -6.8150772653654690e-01           2.6663540151670473e-01           2.4694049618549865e-01
          9.2618093551748915e-01          -2.6663540151670473e-01           2.6663540151670473e-01           2.7665827941279969e-01
         -2.6663540151670473e-01          -2.6663540151670473e-01           9.2618093551748915e-01           2.7665827941279969e-01
         -2.6663540151670473e-01          -6.8150772653654690e-01           6.8150772653654690e-01           2.4694049618549865e-01
         -2.6663540151670473e-01          -9.2618093551748915e-01           2.6663540151670473e-01           2.7665827941279969e-01
         -6.8150772653654690e-01          -2.6663540151670473e-01           6.8150772653654690e-01           2.4694049618549865e-01
         -6.8150772653654690e-01          -6.8150772653654690e-01           2.6663540151670473e-01           2.4694049618549865e-01
         -9.2618093551748915e-01          -2.6663540151670473e-01           2.6663540151670473e-01           2.7665827941279969e-01
          2.6663540151670473e-01           2.6663540151670473e-01          -9.2618093551748915e-01           2.7665827941279969e-01
          2.6663540151670473e-01           6.8150772653654690e-01          -6.8150772653654690e-01           2.4694049618549865e-01
          2.6663540151670473e-01           9.2618093551748915e-01          -2.6663540151670473e-01           2.7665827941279969e-01
          6.8150772653654690e-01           2.6663540151670473e-01          -6.8150772653654690e-01           2.4694049618549865e-01
          6.8150772653654690e-01           6.8150772653654690e-01          -2.6663540151670473e-01           2.4694049618549865e-01
          9.2618093551748915e-01           2.6663540151670473e-01          -2.6663540151670473e-01           2.7665827941279969e-01
         -2.6663540151670473e-01           2.6663540151670473e-01          -9.2618093551748915e-01           2.7665827941279969e-01
         -2.6663540151670473e-01           6.8150772653654690e-01          -6.8150772653654690e-01           2.4694049618549865e-01
         -2.6663540151670473e-01           9.2618093551748915e-01          -2.6663540151670473e-01           2.7665827941279969e-01
         -6.8150772653654690e-01           2.6663540151670473e-01          -6.8150772653654690e-01           2.4694049618549865e-01
         -6.8150772653654690e-01           6.8150772653654690e-01          -2.6663540151670473e-01           2.4694049618549865e-01
         -9.2618093551748915e-01           2.6663540151670473e-01          -2.6663540151670473e-01           2.7665827941279969e-01
          2.6663540151670473e-01          -2.6663540151670473e-01          -9.2618093551748915e-01           2.7665827941279969e-01
          2.6663540151670473e-01          -6.8150772653654690e-01          -6.8150772653654690e-01           2.4694049618549865e-01
          2.6663540151670473e-01          -9.2618093551748915e-01          -2.6663540151670473e-01           2.7665827941279969e-01
          6.8150772653654690e-01          -2.6663540151670473e-01          -6.8150772653654690e-01           2.4694049618549865e-01
          6.8150772653654690e-01          -6.8150772653654690e-01          -2.6663540151670473e-01           2.4694049618549865e-01
          9.2618093551748915e-01          -2.6663540151670473e-01          -2.6663540151670473e-01           2.7665827941279969e-01
         -2.6663540151670473e-01          -2.6663540151670473e-01          -9.2618093551748915e-01           2.7665827941279969e-01
         -2.6663540151670473e-01          -6.8150772653654690e-01          -6.8150772653654690e-01           2.4694049618549865e-01
         -2.6663540151670473e-01          -9.2618093551748915e-01          -2.6663540151670473e-01           2.7665827941279969e-01
         -6.8150772653654690e-01          -2.6663540151670473e-01          -6.8150772653654690e-01           2.4694049618549865e-01
         -6.8150772653654690e-01          -6.8150772653654690e-01          -2.6663540151670473e-01           2.4694049618549865e-01
         -9.2618093551748915e-01          -2.6663540151670473e-01          -2.6663540151670473e-01           2.7665827941279969e-01
