L       xcos             ycos             zcos            weight
          2.1821789023599239e-01           2.1821789023599239e-01           9.5118973121134187e-01           1.9004696299493792e-01
          2.1821789023599239e-01           5.7735026918962573e-01           7.8679579246944320e-01           1.4253522224620344e-01
          2.1821789023599239e-01           7.8679579246944320e-01           5.7735026918962573e-01           1.4253522224620344e-01
          2.1821789023599239e-01           9.5118973121134187e-01           2.1821789023599239e-01           1.9004696299493792e-01
          5.7735026918962573e-01           2.1821789023599239e-01           7.8679579246944320e-01           1.4253522224620344e-01
          5.7735026918962573e-01           5.7735026918962573e-01           5.7735026918962573e-01           1.4544410433286065e-01
          5.7735026918962573e-01           7.8679579246944320e-01           2.1821789023599239e-01           1.4253522224620344e-01
          7.8679579246944320e-01           2.1821789023599239e-01           5.7735026918962573e-01           1.4253522224620344e-01
          7.8679579246944320e-01           5.7735026918962573e-01           2.1821789023599239e-01           1.4253522224620344e-01
          9.5118973121134187e-01           2.1821789023599239e-01           2.1821789023599239e-01           1.9004696299493792e-01
         -2.1821789023599239e-01           2.1821789023599239e-01           9.5118973121134187e-01           1.9004696299493792e-01
         -2.1821789023599239e-01           5.7735026918962573e-01           7.8679579246944320e-01           1.4253522224620344e-01
         -2.1821789023599239e-01           7.8679579246944320e-01           5.7735026918962573e-01           1.4253522224620344e-01
         -2.1821789023599239e-01           9.5118973121134187e-01           2.1821789023599239e-01           1.9004696299493792e-01
         -5.7735026918962573e-01           2.1821789023599239e-01           7.8679579246944320e-01           1.4253522224620344e-01
         -5.7735026918962573e-01           5.7735026918962573e-01           5.7735026918962573e-01           1.4544410433286065e-01
         -5.7735026918962573e-01           7.8679579246944320e-01           2.1821789023599239e-01           1.4253522224620344e-01
         -7.8679579246944320e-01           2.1821789023599239e-01           5.7735026918962573e-01           1.4253522224620344e-01
         -7.8679579246944320e-01           5.7735026918962573e-01           2.1821789023599239e-01           1.4253522224620344e-01
         -9.5118973121134187e-01           2.1821789023599239e-01           2.1821789023599239e-01           1.9004696299493792e-01
          2.1821789023599239e-01          -2.1821789023599239e-01           9.5118973121134187e-01           1.9004696299493792e-01
          2.1821789023599239e-01          -5.7735026918962573e-01           7.8679579246944320e-01           1.4253522224620344e-01
          2.1821789023599239e-01          -7.8679579246944320e-01           5.7735026918962573e-01           1.4253522224620344e-01
          2.1821789023599239e-01          -9.5118973121134187e-01           2.1821789023599239e-01           1.9004696299493792e-01
          5.7735026918962573e-01          -2.1821789023599239e-01           7.8679579246944320e-01           1.4253522224620344e-01
          5.7735026918962573e-01          -5.7735026918962573e-01           5.7735026918962573e-01           1.4544410433286065e-01
          5.7735026918962573e-01          -7.8679579246944320e-01           2.1821789023599239e-01           1.4253522224620344e-01
          7.8679579246944320e-01          -2.1821789023599239e-01           5.7735026918962573e-01           1.4253522224620344e-01
          7.8679579246944320e-01          -5.7735026918962573e-01           2.1821789023599239e-01           1.4253522224620344e-01
          9.5118973121134187e-01          -2.1821789023599239e-01           2.1821789023599239e-01           1.9004696299493792e-01
         -2.1821789023599239e-01          -2.1821789023599239e-01           9.5118973121134187e-01           1.9004696299493792e-01
         -2.1821789023599239e-01          -5.7735026918962573e-01           7.8679579246944320e-01           1.4253522224620344e-01
         -2.1821789023599239e-01          -7.8679579246944320e-01           5.7735026918962573e-01           1.4253522224620344e-01
         -2.1821789023599239e-01          -9.5118973121134187e-01           2.1821789023599239e-01           1.9004696299493792e-01
         -5.7735026918962573e-01          -2.1821789023599239e-01           7.8679579246944320e-01           1.4253522224620344e-01
         -5.7735026918962573e-01          -5.7735026918962573e-01           5.7735026918962573e-01           1.4544410433286065e-01
         -5.7735026918962573e-01          -7.8679579246944320e-01           2.1821789023599239e-01           1.4253522224620344e-01
         -7.8679579246944320e-01          -2.1821789023599239e-01           5.7735026918962573e-01           1.4253522224620344e-01
         -7.8679579246944320e-01          -5.7735026918962573e-01           2.1821789023599239e-01           1.4253522224620344e-01
         -9.5118973121134187e-01          -2.1821789023599239e-01           2.1821789023599239e-01           1.9004696299493792e-01
          2.1821789023599239e-01           2.1821789023599239e-01          -9.5118973121134187e-01           1.9004696299493792e-01
          2.1821789023599239e-01           5.7735026918962573e-01          -7.8679579246944320e-01           1.4253522224620344e-01
          2.1821789023599239e-01           7.8679579246944320e-01          -5.7735026918962573e-01           1.4253522224620344e-01
          2.1821789023599239e-01           9.5118973121134187e-01          -2.1821789023599239e-01           1.9004696299493792e-01
          5.7735026918962573e-01           2.1821789023599239e-01          -7.8679579246944320e-01           1.4253522224620344e-01
          5.7735026918962573e-01           5.7735026918962573e-01          -5.7735026918962573e-01           1.4544410433286065e-01
          5.7735026918962573e-01           7.8679579246944320e-01          -2.1821789023599239e-01           1.4253522224620344e-01
          7.8679579246944320e-01           2.1821789023599239e-01          -5.7735026918962573e-01           1.4253522224620344e-01
          7.8679579246944320e-01           5.7735026918962573e-01          -2.1821789023599239e-01           1.4253522224620344e-01
          9.5118973121134187e-01           2.1821789023599239e-01          -2.1821789023599239e-01           1.9004696299493792e-01
         -2.1821789023599239e-01           2.1821789023599239e-01          -9.5118973121134187e-01           1.9004696299493792e-01
         -2.1821789023599239e-01           5.7735026918962573e-01          -7.8679579246944320e-01           1.4253522224620344e-01
         -2.1821789023599239e-01           7.8679579246944320e-01          -5.7735026918962573e-01           1.4253522224620344e-01
         -2.1821789023599239e-01           9.5118973121134187e-01          -2.1821789023599239e-01           1.9004696299493792e-01
         -5.7735026918962573e-01           2.1821789023599239e-01          -7.8679579246944320e-01           1.4253522224620344e-01
         -5.7735026918962573e-01           5.7735026918962573e-01          -5.7735026918962573e-01           1.4544410433286065e-01
         -5.7735026918962573e-01           7.8679579246944320e-01          -2.1821789023599239e-01           1.4253522224620344e-01
         -7.8679579246944320e-01           2.1821789023599239e-01          -5.7735026918962573e-01           1.4253522224620344e-01
         -7.8679579246944320e-01           5.7735026918962573e-01          -2.1821789023599239e-01           1.4253522224620344e-01
         -9.5118973121134187e-01           2.1821789023599239e-01          -2.1821789023599239e-01           1.9004696299493792e-01
          2.1821789023599239e-01          -2.1821789023599239e-01          -9.5118973121134187e-01           1.9004696299493792e-01
          2.1821789023599239e-01          -5.7735026918962573e-01          -7.8679579246944320e-01           1.4253522224620344e-01
          2.1821789023599239e-01          -7.8679579246944320e-01          -5.7735026918962573e-01           1.4253522224620344e-01
          2.1821789023599239e-01          -9.5118973121134187e-01          -2.1821789023599239e-01           1.9004696299493792e-01
          5.7735026918962573e-01          -2.1821789023599239e-01          -7.8679579246944320e-01           1.4253522224620344e-01
          5.7735026918962573e-01          -5.7735026918962573e-01          -5.7735026918962573e-01           1.4544410433286065e-01
          5.7735026918962573e-01          -7.8679579246944320e-01          -2.1821789023599239e-01           1.4253522224620344e-01
          7.8679579246944320e-01          -2.1821789023599239e-01          -5.7735026918962573e-01           1.4253522224620344e-01
          7.8679579246944320e-01          -5.7735026918962573e-01          -2.1821789023599239e-01           1.4253522224620344e-01
          9.5118973121134187e-01          -2.1821789023599239e-01          -2.1821789023599239e-01           1.9004696299493792e-01
         -2.1821789023599239e-01          -2.1821789023599239e-01          -9.5118973121134187e-01           1.9004696299493792e-01
         -2.1821789023599239e-01          -5.7735026918962573e-01          -7.8679579246944320e-01           1.4253522224620344e-01
         -2.1821789023599239e-01          -7.8679579246944320e-01          -5.7735026918962573e-01           1.4253522224620344e-01
         -2.1821789023599239e-01          -9.5118973121134187e-01          -2.1821789023599239e-01           1.9004696299493792e-01
         -5.7735026918962573e-01          -2.1821789023599239e-01          -7.8679579246944320e-01           1.4253522224620344e-01
         -5.7735026918962573e-01          -5.7735026918962573e-01          -5.7735026918962573e-01           1.4544410433286065e-01
         -5.7735026918962573e-01          -7.8679579246944320e-01          -2.1821789023599239e-01           1.4253522224620344e-01
         -7.8679579246944320e-01          -2.1821789023599239e-01          -5.7735026918962573e-01           1.4253522224620344e-01
         -7.8679579246944320e-01          -5.7735026918962573e-01          -2.1821789023599239e-01           1.4253522224620344e-01
         -9.5118973121134187e-01          -2.1821789023599239e-01          -2.1821789023599239e-01           1.9004696299493792e-01
